94.618752
36.628021
20.294779
8.072559
2.500545
0.732478
1.051763
2.903019
4.497075
16.513794
6.004668
12.360720
4.846222
4.474360
10.564802
3.435019
4.893409
3.337681
1.505243
4.080408
4.922095
0.575629
4.164566
3.594812
0.325505
4.725560
0.144265
3.565933
1.979090
0.760461
0.700185
5.004657
0.641464
1.323237
2.791098
4.761906
1.574382
3.013529
5.614671
1.081892
1.239850
2.217538
1.498682
3.170054
3.001191
0.499376
3.821053
0.991840
3.526459
2.086129
4.356631
3.315594
1.950852
2.395532
0.946200
3.234773
0.502846
1.391377
2.520571
0.736125
1.364238
1.683785
2.910511
0.449335
2.185560
2.391967
1.056136
1.201002
2.323849
2.139783
0.076246
1.831824
2.860398
3.372822
4.358511
2.028568
4.026581
0.156708
0.000744
0.619663
3.722463
1.768443
0.128542
4.423627
2.663865
3.062400
0.020153
2.521489
2.169900
1.378610
3.146525
1.061667
3.073107
0.637986
0.127410
1.677424
1.583958
0.647176
0.357988
0.702976
1.677060
3.402163
1.312640
2.256235
1.416410
0.132840
3.643662
0.161366
1.399788
0.621466
1.086759
1.518111
2.718297
3.503431
0.868015
3.061157
0.123299
0.397278
3.567098
2.236657
0.353075
0.369899
1.122816
1.003693
4.898201
1.311623
0.027411
7.334656
2.295328
0.203272
0.270540
0.902281
3.394464
1.863542
0.122630
1.956087
1.913547
0.495739
4.357001
2.490215
4.033378
2.784396
0.861778
3.670077
1.470008
2.241496
1.837345
3.772232
0.125471
3.317991
3.171565
0.067998
1.300311
0.233391
2.222419
0.809951
2.905146
0.744568
0.714014
2.325443
3.160047
2.333448
0.332706
3.399804
1.031341
2.818228
2.480629
1.354479
0.450187
0.421236
0.796367
1.226090
0.722595
1.909237
0.155620
2.722692
2.641678
2.544768
2.594556
1.414657
2.097891
0.408067
1.326828
0.455702
0.059968
2.315658
1.586675
1.392273
2.487354
0.578011
2.696403
1.019825
1.328073
0.267174
0.214270
0.481203
2.345671
2.132777
2.452330
2.591657
1.291928
1.447647
2.611104
0.248358
1.107275
1.145321
0.161705
1.105216
2.180352
1.290437
2.339004
1.720750
1.279432
1.260158
2.056425
0.818512
1.475162
0.370341
0.362560
0.428989
0.615362
0.759523
1.258099
0.340709
0.503341
0.180087
0.889654
0.236775
0.948834
1.716257
1.296011
1.527526
0.225791
0.461983
0.489567
1.300346
0.035827
0.702062
0.902623
1.059732
1.243803
1.928214
1.215266
0.078008
0.824701
0.209540
1.086646
2.239446
1.544562
0.212973
0.824692
3.133416
2.411210
0.299661
0.761050
1.612420
1.121446
1.184691
0.383331
0.639552
0.820182
0.297962
1.677120
1.143927
0.864348
1.572425
1.929731
0.264266
0.796944
0.758255
0.344602
1.082367
0.544508
0.321794
0.618618
0.816883
1.916953
0.997373
0.296191
0.053537
0.372574
0.057212
0.841789
0.294953
0.397176
1.001634
0.644986
0.007595
1.001483
0.773675
0.858979
0.000805
0.613850
0.645494
0.237533
0.256083
0.037326
0.160200
0.770705
0.652390
0.284828
0.687441
0.453887
0.502058
1.500896
0.592805
0.574371
0.332377
0.041679
0.558211
0.937505
0.112624
0.186048
2.322860
0.084092
0.636241
0.679984
0.792214
0.600786
0.240625
0.925000
0.263361
0.023603
0.867297
1.152534
1.648620
0.181326
0.638332
0.453037
0.070891
0.399779
0.067847
0.022101
0.747170
0.543019
0.547818
0.611874
0.786609
0.318385
0.360457
0.227220
0.312421
0.392843
0.442537
0.089401
0.376151
0.126163
0.221872
0.308470
0.118339
0.703111
0.229527
0.475091
0.260330
0.387455
0.328863
0.057687
0.466411
0.143647
0.166218
0.456930
0.098718
0.050086
0.040904
0.797071
0.324424
0.298716
1.364228
0.196365
0.211456
0.022876
0.040000
0.135033
0.305435
0.016916
0.541117
0.403564
0.499502
1.120354
0.177473
0.691658
0.718183
0.363258
0.662781
0.529366
0.286786
0.767048
0.971017
0.303928
0.239306
0.576766
0.400517
1.226830
0.068974
0.611415
0.291839
0.176671
0.441267
0.102197
0.796615
1.012913
0.613179
0.149541
0.745706
0.353038
0.175942
0.352754
0.392026
0.680452
0.074959
0.388701
0.028847
0.301957
0.219662
0.116713
0.251366
0.449063
0.195333
0.324887
0.421954
0.136120
0.294027
0.530074
0.123473
0.220214
0.264455
0.350885
0.540121
0.500186
0.613107
0.126702
0.033022
0.371851
0.428395
0.030369
0.615460
0.301626
0.278037
0.077343
0.263951
0.348551
0.174001
0.479301
0.443911
0.272760
0.068083
0.389350
0.120847
0.061341
0.069798
0.049297
0.411772
0.770626
0.416173
0.043606
0.845600
0.108032
0.113092
0.200659
0.213069
0.504685
0.872701
0.383693
0.497843
0.117367
0.735859
0.219469
0.029248
0.768119
0.105579
0.300928
0.243401
0.796738
0.230161
0.655380
0.473536
0.159633
0.622731
0.543540
0.433932
0.269421
0.723663
0.276682
0.780405
0.726463
0.226019
0.119427
0.286553
0.964972
0.090481
0.544352
0.491140
0.277452
0.795981
0.104601
0.129061
0.603837
0.344915
0.705513
1.738387
1.085031
0.054649
0.090711
0.181826
1.924052
0.189741
0.223815
1.181061
0.150048
0.712820
0.771605
1.109294
0.475428
1.386647
0.088207
0.971486
1.082803
0.083322
0.959745
0.103947
1.273428
0.208071
1.240155
0.410594
0.754031
1.048152
0.887672
0.462558
0.009373
0.433497
0.363787
0.965586
0.053727
0.018603
0.462823
0.160137
1.298433
0.523918
0.793081
0.889354
0.568864
0.550728
0.298274
0.357958
0.384426
0.725319
0.458628
0.664737
0.512200
0.027663
0.445072
0.081919
1.144796
0.542700
0.118236
1.105618
0.987756
0.553513
0.005309
0.204720
0.514677
0.691330
0.560214
0.348815
0.571697
0.900734
0.489352
0.264815
0.530443
0.299969
0.415121
0.907465
0.080186
0.814367
0.320983
0.275712
0.939792
0.774062
0.796708
0.459028
0.679772
0.485987
0.373760
0.799645
0.292638
1.526675
0.266778
0.312404
0.743978
0.032406
1.310492
0.896776
0.259915
0.081227
0.290873
0.169112
0.469276
0.655928
0.075152
0.368350
0.097369
0.551069
1.049204
0.166112
0.396509
0.135352
0.289995
0.191597
0.667501
0.479125
0.376696
0.611713
0.521257
0.574453
0.030962
0.678774
0.309634
0.248895
0.430331
0.551549
0.312298
0.571469
0.118870
0.025834
0.930678
0.445654
0.122885
1.247660
0.171472
0.637106
1.113451
0.762334
0.674290
0.020584
0.686094
0.032878
0.689451
0.275065
0.861918
1.906250
