0
454
463
463
470
470
470
470
470
470
470
470
470
470
470
469
469
470
470
472
472
472
472
478
478
478
478
478
478
478
478
478
476
476
476
476
476
476
475
474
476
476
476
476
476
478
478
478
478
478
478
478
478
478
478
478
478
478
478
478
478
478
478
478
478
478
0
0
0
0
0
0
0
0
0
0
0
0
0
0
0
0
0
0
0
0
0
0
0
0
0
0
0
0
0
0
0
0
0
0
0
0
0
0
0
0
0
0
0
0
0
0
0
0
0
0
0
0
0
0
0
0
0
0
0
0
0
0
0
0
0
0
0
0
0
0
0
0
0
0
0
0
0
0
0
0
0
0
0
0
0
0
0
0
0
0
0
0
0
0
0
0
0
0
0
0
0
0
0
0
0
0
0
0
0
0
0
0
0
0
0
0
0
0
0
0
0
0
0
0
0
0
0
0
0
0
0
0
0
0
0
0
0
0
0
0
0
0
0
0
0
0
0
0
0
0
0
0
0
0
0
0
0
0
0
0
0
0
0
0
0
0
0
0
0
0
0
0
0
0
0
0
0
0
0
0
0
0
0
0
0
0
0
0
0
0
0
0
0
0
0
0
0
0
0
0
0
0
0
0
0
0
0
0
0
0
0
0
0
0
0
0
0
0
0
0
0
0
0
0
0
0
0
0
0
348
349
350
350
352
352
353
354
355
355
356
356
356
357
358
358
360
360
361
362
363
363
364
364
364
364
365
365
365
365
365
365
365
366
368
368
368
368
376
377
377
378
378
378
380
380
382
382
383
383
383
383
383
383
384
384
384
384
384
384
384
384
384
384
384
384
384
384
384
384
383
383
382
382
382
382
382
381
381
380
375
375
377
377
379
379
379
379
379
379
379
379
379
379
375
373
373
373
374
377
377
378
379
379
379
380
381
381
381
381
381
381
381
381
381
381
381
382
382
382
382
382
382
382
382
382
382
382
380
380
379
379
379
379
379
379
378
377
374
373
372
371
370
369
368
368
368
368
367
367
367
367
367
367
366
366
366
366
365
365
365
365
364
364
363
362
361
358
0
0
0
0
0
0
0
0
0
0
0
0
0
0
0
0
0
0
0
0
0
0
0
0
0
0
0
0
0
0
0
0
0
0
0
0
0
0
0
0
0
0
0
0
0
0
0
0
0
0
0
0
0
0
0
0
0
0
0
0
0
0
0
0
0
0
0
0
0
0
0
0
0
0
0
0
0
0
0
0
0
0
0
0
0
0
0
0
0
0
0
0
0
0
0
0
0
0
0
0
0
0
0
0
0
0
0
0
0
0
0
0
0
0
0
0
0
0
0
0
0
0
0
0
0
0
0
0
0
0
0
0
0
0
463
463
478
478
478
478
478
478
478
478
478
478
478
478
478
478
478
478
478
478
478
478
478
478
478
478
478
478
478
478
478
478
478
478
472
472
471
471
471
471
471
471
0
435.948059
431.645996
427.681488
424.101929
420.950409
418.265411
416.080475
414.423950
413.318481
412.781311
412.823486
413.450195
414.660522
416.447388
418.797668
421.692200
425.105988
429.008301
433.362915
438.128357
443.258301
448.701904
454.403961
460.305817
466.345337
472.457764
478.575958
484.631134
490.553284
496.271790
501.716064
506.816010
511.502594
515.708618
519.369019
522.421387
524.807007
526.470459
527.360901
527.432129
526.642944
524.957764
522.346619
518.785583
514.257080
508.750000
502.259613
494.788025
486.343872
476.942444
466.605469
455.361359
443.244446
430.295258
416.559753
402.089478
386.941010
371.175354
354.857758
338.057129
320.845520
303.297729
285.490479
267.502258
249.412231
231.300262
213.245819
195.327621
177.623276
160.208160
143.155609
126.535675
110.415283
94.857323
79.920509
65.658699
52.120926
39.350731
27.386124
16.259323
5.996490
-3.382187
-11.862839
-19.437668
-26.105042
-31.869446
-36.741257
-40.736694
-43.877487
-46.190643
-47.708221
-48.466843
-48.507568
-47.875183
-46.618057
-44.787506
-42.437347
-39.623581
-36.403641
-32.836121
-28.980164
-24.894974
-20.639328
-16.271072
-11.846786
-7.421143
-3.046692
1.226685
5.352173
9.286118
12.988571
16.423492
19.558899
22.367050
24.824677
26.913071
28.617981
29.929810
30.843536
31.358658
31.478897
31.212387
30.571182
29.571121
28.231842
26.575974
24.629303
22.420208
19.979361
17.339424
14.534482
11.599983
8.571846
5.486695
2.380937
-0.709382
-3.748947
-6.703640
-9.540758
-12.229424
-14.740825
-17.048645
-19.129023
-20.961077
-22.526836
-23.811640
-24.803949
-25.495773
-25.882431
-25.962734
-25.738773
-25.216181
-24.403704
-23.313255
-21.959654
-20.360594
-18.536274
-16.509193
-14.303938
-11.946833
-9.465744
-6.889685
-4.248479
-1.572480
1.107712
3.761720
6.359609
8.872175
11.271469
13.530684
15.624973
17.531265
19.228613
20.698595
21.925346
22.895687
23.599380
24.029095
24.180639
24.052822
23.647638
22.969975
22.027933
20.832497
19.397249
17.738575
15.875362
13.828575
11.621409
9.278680
6.826848
4.293458
1.707118
-0.902977
-3.507357
-6.076539
-8.581367
-10.993343
-13.284801
-15.429525
-17.402628
-19.181183
-20.744217
-22.073128
-23.151764
-23.966698
-24.507332
-24.765968
-24.738106
-24.422340
-23.820320
-22.937073
-21.780617
-20.362045
-18.695480
-16.797974
-14.689026
-12.390930
-9.927994
-7.326874
-4.615768
-1.824493
1.016006
3.873749
6.716400
9.511169
12.225632
14.827545
17.285751
19.570145
21.651932
23.504272
25.102448
26.424057
27.449387
28.161667
28.547119
28.595474
28.299820
27.656906
26.667160
25.334793
23.667923
21.678345
19.381699
16.797318
13.948059
10.860306
7.563660
4.090759
0.477051
-3.239395
-7.018356
-10.817581
-14.593292
-18.300369
-21.892883
-25.324432
-28.548325
-31.518387
-34.188919
-36.515274
-38.454483
-39.965042
-41.007904
-41.546371
-41.546692
-40.978210
-39.813751
-38.029755
-35.606598
-32.528824
-28.785141
-24.368637
-19.276978
-13.512207
-7.081009
0.005478
7.731689
16.077576
25.019043
34.527832
44.571793
55.115265
66.119247
77.541504
89.337219
101.458984
113.857498
126.481644
139.278931
152.196106
165.179291
178.174530
191.128067
203.986877
216.698959
229.213715
241.482437
253.458527
265.097778
276.358826
287.203308
297.596252
307.506165
316.905182
325.769348
334.078827
341.817719
348.974335
355.541077
361.514618
366.895569
371.688660
375.902527
379.549561
382.645630
385.210022
387.265198
388.836548
389.951904
390.641632
390.937927
390.874695
390.487366
389.812195
388.886200
387.746796
386.431183
384.976562
383.419159
381.794495
380.136627
378.478241
376.850037
375.280914
373.797272
372.423279
371.180298
370.087250
369.159851
368.411133
367.851074
367.486694
367.322144
367.358368
367.593750
368.023773
368.641266
369.436676
370.397980
371.511230
372.760406
374.127869
375.594482
377.140076
378.743408
380.382660
382.035583
383.679871
385.293213
386.853973
388.341064
389.734253
391.014648
392.164551
393.167969
394.010681
394.680420
395.166870
395.461975
395.560150
395.457886
395.154175
394.650543
393.950775
393.061035
391.990021
390.748230
389.348816
387.806396
386.137665
384.361053
382.496216
380.564240
378.587189
376.587830
374.589600
372.616272
370.691406
368.838684
367.081055
365.440826
363.939392
362.596832
361.431946
360.461639
359.701141
359.163544
358.859741
358.798279
358.985168
359.423950
360.115234
361.057251
362.245117
363.671417
365.325897
367.195587
369.265015
371.515991
373.928009
376.478271
379.141815
381.891785
384.699615
387.535034
390.366760
393.162109
395.887878
398.510162
400.994843
403.307678
405.414734
407.282593
408.878632
410.171204
411.130035
411.726196
411.932678
411.724304
411.078186
409.973633
408.392487
406.319275
403.741180
400.648346
397.033783
392.893372
388.226288
383.034363
377.322693
371.099243
364.374756
357.163086
349.480469
341.345947
332.781006
323.809265
314.456635
304.750977
294.721802
284.400208
273.818665
263.010773
252.011017
240.854462
229.576767
218.213715
206.801132
195.374664
183.969513
172.620224
161.360626
150.223480
139.240448
128.441910
117.856636
107.512009
97.433624
87.645370
78.169174
69.025070
60.231201
51.803543
43.756195
36.101105
28.848236
22.005676
15.579285
9.573334
3.989944
-1.170319
-5.908798
-10.228409
-14.133484
-17.629929
-20.725021
-23.427170
-25.746094
-27.692429
-29.277878
-30.514877
-31.416702
-31.997345
-32.271271
-32.253510
-31.959549
-31.405060
-30.606232
-29.579361
-28.340897
-26.907440
-25.295685
-23.522293
-21.604126
-19.557816
-17.400177
-15.147659
-12.816986
-10.424591
-7.986809
-5.519966
-3.040187
-0.563386
1.894485
4.317845
6.691208
8.999407
11.227393
13.360575
15.384510
17.285303
19.049406
20.663816
22.115971
23.394148
24.487036
25.384399
26.076609
26.555189
26.812569
26.842426
26.639576
26.200321
25.522112
24.604258
23.447319
22.053911
20.428053
18.576023
16.505619
14.226809
11.751448
9.093674
6.269294
3.296492
0.195323
-3.012072
-6.301659
-9.647370
-13.021515
-16.394409
-19.735128
-23.010876
-26.187881
-29.231024
-32.104351
-34.771046
-37.193901
-39.335251
-41.157497
-42.623161
-43.695354
-44.337730
-44.515171
-44.193687
-43.340866
-41.926239
-39.921459
-37.300468
-34.039879
-30.119267
-25.521355
-20.232079
-14.241055
-7.541519
-0.130660
7.990329
16.816153
26.337357
36.540150
47.406544
58.914345
71.037048
83.744133
97.001015
110.769173
125.006531
139.667419
154.702942
170.061218
185.687683
201.525391
217.515320
233.596924
249.708160
265.786316
281.768005
297.589996
313.189301
328.503815
343.472717
358.036743
372.138794
385.724518
398.742126
411.143494
422.883850
433.922668
444.223633
453.755157
462.490479
470.407959
477.491028
483.728851
489.115814
493.652100
497.343384
500.200928
502.241394
503.487061
503.965210
503.708191
502.753296
501.142273
498.920898
496.139099
492.850037
489.110046
484.978058
480.515015
475.783752
470.848145
465.772644
460.622070
455.460510
450.351562
