0
0
0
0
0
0
0
0
0
0
0
0
0
0
0
0
0
0
0
0
0
0
0
0
0
0
0
0
0
0
0
0
0
0
0
0
0
0
0
0
0
0
0
0
0
0
0
0
0
0
0
0
0
0
0
0
0
0
0
0
0
0
0
0
0
0
0
0
0
0
0
0
0
0
0
0
0
0
0
0
0
0
0
0
0
0
0
0
0
0
0
0
0
0
0
0
0
0
0
0
0
0
0
0
0
0
0
0
0
0
0
0
0
0
0
0
0
0
0
0
0
0
0
0
0
78
91
93
94
95
96
97
98
99
99
99
99
100
101
102
103
103
103
103
103
103
103
103
103
103
103
103
103
102
101
100
100
99
99
99
98
98
97
97
97
96
95
94
94
92
90
88
88
86
86
84
82
80
76
73
71
68
61
58
56
55
54
37
33
26
24
23
22
21
20
19
18
16
15
13
12
10
8
6
3
0
0
0
0
0
0
0
0
0
0
0
0
0
0
0
0
0
0
0
0
0
0
0
0
46
47
48
52
55
68
72
81
96
100
110
111
112
114
118
120
138
140
142
144
153
156
158
161
167
169
169
170
171
172
173
173
183
183
183
183
183
183
183
183
182
182
183
183
184
185
185
185
186
186
186
186
186
186
186
186
186
186
186
186
186
186
186
186
185
185
184
184
183
182
182
181
181
180
179
179
178
177
176
176
175
173
171
169
169
174
190
196
206
208
215
217
218
219
220
220
221
222
222
223
223
224
224
225
226
226
227
227
227
227
227
227
227
227
228
228
228
229
229
229
229
229
229
229
229
229
229
229
228
228
228
228
227
227
226
226
225
224
224
223
223
222
221
220
219
218
217
216
215
214
213
211
210
207
206
203
200
198
190
188
170
166
96
94
90
80
72
68
61
59
32
32
32
32
32
32
32
32
32
32
28
28
0
0
0
0
0
0
0
28
29
29
30
32
32
32
32
32
32
32
32
32
32
32
30
30
32
32
33
34
34
35
36
38
42
44
44
66
66
73
77
87
87
136
165
180
194
198
200
202
204
206
207
208
209
210
210
211
211
212
213
213
214
214
215
215
216
216
216
216
216
216
217
217
218
218
218
218
218
218
218
218
218
218
218
218
218
218
218
218
218
218
217
217
216
216
216
216
215
214
214
213
212
211
210
210
208
208
206
206
204
203
200
199
197
195
191
185
180
178
170
167
146
140
138
75
69
68
67
16
16
16
17
18
19
19
20
21
21
22
22
22
23
23
24
24
25
25
25
26
26
28
29
30
32
34
37
38
40
40
40
41
42
43
44
44
48
49
52
56
56
58
59
60
61
62
64
64
66
66
66
67
67
68
68
69
70
71
71
72
72
72
72
72
73
74
75
75
76
77
77
78
78
78
79
79
79
79
79
79
80
80
80
81
81
81
81
81
81
81
81
81
81
81
80
80
80
80
80
80
