0
37.088173
35.041538
32.975109
30.892492
28.797668
26.695028
24.589357
22.485790
20.389832
18.307285
16.244255
14.207101
12.202382
10.236812
8.317220
6.450497
4.643538
2.903134
1.236015
-0.351316
-1.852587
-3.261862
-4.573517
-5.782418
-6.883901
-7.873839
-8.748686
-9.505588
-10.142304
-10.657384
-11.050077
-11.320428
-11.469280
-11.498279
-11.409877
-11.207355
-10.894765
-10.476965
-9.959545
-9.348843
-8.651868
-7.876281
-7.030310
-6.122741
-5.162785
-4.160094
-3.124618
-2.066542
-0.996229
0.075875
1.139330
2.183808
3.199131
4.175407
5.103092
5.973066
6.776731
7.506080
8.153770
8.713191
9.178527
9.544818
9.807984
9.964932
10.013513
9.952577
9.782055
9.502831
9.116897
8.627238
8.037869
7.353793
6.580974
5.726288
4.797520
3.803211
2.752688
1.655963
0.523677
-0.633034
-1.802569
-2.972972
-4.132026
-5.267339
-6.366413
-7.416850
-8.406250
-9.322529
-10.153846
-10.888788
-11.516390
-12.026294
-12.408742
-12.654775
-12.756128
-12.705431
-12.496249
-12.123028
-11.581296
-10.867552
-9.979336
-8.915287
-7.675096
-6.259551
-4.670483
-2.910770
-0.984326
1.103953
3.348214
5.741717
8.276852
10.945218
13.737697
16.644474
19.655178
22.758911
25.944321
29.199718
32.513111
35.872322
39.265034
42.678909
46.101658
49.521072
52.925129
56.302074
59.640457
62.929203
66.157692
69.315750
72.393707
75.382545
78.273773
81.059486
83.732506
86.286247
88.714783
91.012894
93.175941
95.200020
97.081810
98.818596
100.408257
101.849243
103.140549
104.281609
105.272339
106.113113
106.804626
107.347939
107.744408
107.995636
108.103439
108.069862
107.897041
107.587250
107.142815
106.566170
105.859749
105.026009
104.067406
102.986359
101.785339
100.466736
99.032951
97.486374
95.829399
94.064445
92.194000
90.220558
88.146759
85.975319
83.709167
81.351364
78.905228
76.374313
73.762497
71.073952
68.313248
65.485352
62.595638
59.649948
56.654633
53.616512
50.542946
47.441833
44.321621
41.191261
38.060299
34.938759
31.837214
28.766693
25.738710
22.765186
19.858427
17.031034
14.295940
11.666231
9.155183
6.776110
4.542353
2.467130
0.563530
-1.155640
-2.677899
-3.991227
-5.084081
-5.945581
-6.565517
-6.934493
-7.043966
-6.886376
-6.455156
-5.744888
-4.751312
-3.471346
-1.903272
-0.046656
2.097598
4.527150
7.238291
10.225863
13.483347
17.002783
20.774834
24.788860
29.032864
33.493637
38.156773
43.006748
48.027027
53.200089
58.507595
63.930450
69.448929
75.042793
80.691422
86.373894
92.069153
97.756165
103.413979
109.021904
114.559616
120.007347
125.345901
130.556900
135.622757
140.526962
145.253952
149.789536
154.120575
158.235428
162.123810
165.776886
169.187363
172.349487
175.259079
177.913544
180.311859
182.454605
184.343948
185.983459
187.378281
188.534958
189.461349
190.166626
190.661087
190.956253
191.064514
190.999222
190.774475
190.405045
189.906250
189.293793
188.583694
187.792145
186.935349
186.029449
185.090363
184.133728
183.174667
182.227859
181.307251
180.426132
179.596878
178.831039
178.139206
177.530838
177.014465
176.597366
176.285782
176.084732
175.998093
176.028564
176.177734
176.446014
176.832779
177.336319
177.953949
178.682037
179.516068
180.450790
181.480164
182.597565
183.795807
185.067245
186.403900
187.797501
189.239609
190.721710
192.235321
193.772018
195.323593
196.882095
198.439926
199.989868
201.525208
203.039719
204.527786
205.984375
207.405090
208.786240
210.124725
211.418198
212.664948
213.863907
215.014633
216.117279
217.172592
218.181763
219.146439
220.068710
220.950928
221.795731
222.605881
223.384277
224.133820
224.857330
225.557495
226.236740
226.897186
227.540619
228.168228
228.780807
229.378494
229.960770
230.526443
231.073532
231.599319
232.100281
232.572083
233.009506
233.406616
233.756577
234.051880
234.284210
234.444550
234.523285
234.510208
234.394623
234.165421
233.811142
233.320145
232.680618
231.880829
230.908997
229.753708
228.403824
226.848663
225.078186
223.082977
220.854523
218.385208
215.668488
212.698959
209.472488
205.986267
202.238998
198.230789
193.963348
189.440079
184.665909
179.647568
174.393433
168.913589
163.219849
157.325623
151.246048
144.997772
138.598907
132.069107
125.429253
118.701538
111.909256
105.076675
98.228928
91.391899
84.591988
77.856018
71.211082
64.684334
58.302807
52.093319
46.082241
40.295319
34.757542
29.492983
24.524593
19.874090
15.561823
11.606591
8.025578
4.834174
2.045931
-0.327543
-2.276704
-3.794037
-4.874220
-5.514052
-5.712525
-5.470822
-4.792292
-3.682400
-2.148727
-0.200874
2.149588
4.889238
8.002871
11.473605
15.283074
19.411463
23.837721
28.539671
33.494205
38.677406
44.064751
49.631241
55.351585
61.200413
67.152351
73.182281
79.265434
85.377586
91.495193
97.595512
103.656754
109.658211
115.580368
121.404938
127.115074
132.695282
138.131668
143.411774
148.524841
153.461578
158.214417
162.777283
167.145721
171.316772
175.289017
179.062378
182.638168
186.018936
189.208435
192.211456
195.033737
197.681870
200.163193
202.485535
204.657364
206.687256
208.584198
210.357071
212.014877
213.566299
215.019791
216.383347
217.664490
218.870102
220.006348
221.078598
222.091354
223.048279
223.951935
224.803940
225.604904
226.354355
227.050812
227.691711
228.273529
228.791733
229.240891
229.614731
229.906128
230.107269
230.209747
230.204559
230.082367
229.833420
229.447784
228.915497
228.226578
227.371231
226.339890
225.123459
223.713318
222.101562
220.280899
218.245010
215.988510
213.507065
210.797424
207.857666
204.687027
201.286148
197.657028
193.803101
189.729172
185.441574
180.947968
176.257507
171.380722
166.329468
161.116882
155.757416
150.266571
144.660980
138.958206
133.176758
127.335785
121.455185
115.555305
109.656929
103.780998
97.948700
92.181076
86.499069
80.923294
75.473976
70.170700
65.032410
60.077183
55.322208
50.783546
46.476181
42.413807
38.608784
35.072067
31.813156
28.839981
26.158968
23.774866
21.690895
19.908579
18.427877
17.247124
16.363085
15.771010
15.464664
15.436393
15.677195
16.176790
16.923767
17.905546
19.108646
20.518639
22.120386
23.898052
25.835297
27.915335
30.121120
32.435398
34.840866
37.320274
39.856522
42.432816
45.032711
47.640236
50.240009
52.817261
55.357956
57.848862
60.277588
62.632637
64.903442
67.080444
69.155067
71.119720
72.967857
74.693924
76.293396
77.762688
79.099190
80.301201
81.367905
82.299309
83.096169
83.759979
84.292908
84.697647
84.977455
85.136070
85.177574
85.106331
84.927032
84.644440
84.263542
83.789284
83.226624
82.580482
81.855629
81.056664
80.187988
79.253792
78.257957
77.204094
76.095467
74.935074
73.725540
72.469170
71.167999
69.823677
68.437630
67.011002
65.544662
64.039352
62.495579
60.913731
59.294128
57.637024
55.942654
54.211327
52.443405
50.639381
48.799980
46.926022
45.018658
43.079304

