0
44
44
44
43
42
40
38
36
34
32
28
24
22
22
21
20
18
16
14
12
10
9
7
6
4
3
0
0
0
0
0
0
0
0
0
0
0
0
0
0
0
0
0
0
0
0
0
0
0
0
0
0
0
0
0
0
0
0
0
0
0
0
0
0
0
0
0
0
0
0
0
0
0
0
0
0
0
0
0
0
0
0
0
0
0
0
0
0
0
0
0
0
0
0
0
0
0
0
0
0
0
0
0
0
0
0
0
0
0
0
0
0
0
0
0
0
0
0
0
0
0
0
0
0
0
0
0
0
0
0
0
0
0
0
0
0
0
0
0
0
0
0
0
0
0
0
0
0
0
0
0
0
0
0
0
0
0
0
0
0
0
0
0
0
0
0
0
0
0
0
0
0
0
23
26
29
33
36
38
40
42
44
46
47
50
52
53
54
55
56
62
64
67
68
70
74
76
77
79
80
82
82
84
86
102
102
103
103
103
103
103
103
103
103
103
103
101
101
99
99
99
99
99
99
99
99
99
99
99
99
98
98
98
98
97
97
96
95
94
94
92
91
90
88
86
84
82
80
62
58
58
58
58
58
56
49
49
48
48
47
47
52
52
52
52
52
52
52
52
46
48
49
50
54
57
59
64
66
74
76
78
81
84
88
90
91
94
96
98
99
100
102
104
106
117
117
117
117
117
117
117
117
117
117
118
119
127
128
129
129
131
134
136
153
153
153
153
155
155
155
155
155
155
155
155
155
155
156
157
157
157
157
157
157
158
159
160
161
161
162
162
162
162
162
163
163
163
163
163
163
163
163
163
163
163
163
162
162
161
161
162
164
170
172
176
180
181
183
184
186
187
189
190
190
191
192
192
193
193
194
194
195
195
195
196
196
197
197
198
198
198
198
198
198
198
198
198
198
197
197
197
197
197
197
197
197
197
197
196
195
195
194
193
193
192
191
191
190
189
188
187
186
185
183
182
180
179
178
177
164
38
38
38
38
38
38
38
38
38
38
38
38
38
38
38
38
36
36
36
36
38
40
40
40
40
40
40
44
49
151
156
162
182
185
189
191
194
195
196
197
197
198
199
199
200
200
201
201
201
201
202
203
203
204
204
204
204
204
204
205
205
205
205
205
205
205
205
205
205
205
205
205
204
204
203
203
203
202
202
201
201
200
199
199
198
198
196
196
194
194
192
191
189
187
184
182
180
174
172
169
162
156
154
152
141
139
126
112
96
92
86
82
74
72
72
72
72
72
72
72
74
76
76
77
77
77
77
77
88
88
89
90
90
91
91
91
91
91
91
91
90
79
69
69
68
68
62
63
68
70
70
71
72
72
74
75
76
77
78
78
79
80
81
82
83
84
84
85
86
86
87
88
88
89
90
90
90
90
90
91
91
92
92
92
92
92
92
92
92
92
92
92
92
92
92
92
92
92
92
92
92
91
91
90
89
89
88
87
0
51.193218
48.734734
46.302628
43.903385
41.543118
39.227505
36.961796
34.750721
32.598560
30.509119
28.485701
26.531109
24.647680
22.837278
21.101320
19.440727
17.856070
16.347420
14.914536
13.556801
12.273252
11.062642
9.923429
8.853854
7.851932
6.915491
6.042217
5.229668
4.475332
3.776600
3.130863
2.535463
1.987810
1.485290
1.025374
0.605612
0.223608
-0.122896
-0.436052
-0.717916
-0.970392
-1.195268
-1.394189
-1.568690
-1.720151
-1.849845
-1.958917
-2.048413
-2.119257
-2.172313
-2.208334
-2.228018
-2.231999
-2.220873
-2.195191
-2.155497
-2.102328
-2.036213
-1.957703
-1.867371
-1.765820
-1.653699
-1.531691
-1.400566
-1.261092
-1.114145
-0.960638
-0.801543
-0.637905
-0.470803
-0.301356
-0.130758
0.039819
0.209116
0.375904
0.538927
0.696953
0.848743
0.993129
1.128929
1.255069
1.370513
1.474312
1.565596
1.643616
1.707688
1.757313
1.792054
1.811646
1.815925
1.804897
1.778681
1.737545
1.681910
1.612315
1.529429
1.434052
1.327091
1.209571
1.082603
0.947387
0.805199
0.657358
0.505218
0.350202
0.193707
0.037135
-0.118140
-0.270762
-0.419422
-0.562907
-0.700074
-0.829846
-0.951263
-1.063494
-1.165818
-1.257632
-1.338502
-1.408080
-1.466202
-1.512836
-1.548054
-1.572071
-1.585267
-1.588060
-1.581032
-1.564810
-1.540147
-1.507794
-1.468582
-1.423328
-1.372885
-1.318037
-1.259583
-1.198180
-1.134459
-1.068906
-1.001868
-0.933539
-0.863928
-0.792874
-0.719964
-0.644565
-0.565814
-0.482560
-0.393428
-0.296703
-0.190452
-0.072447
0.059838
0.209172
0.378592
0.571389
0.791110
1.041452
1.326361
1.649956
2.016431
2.430158
2.895536
3.417044
3.999103
4.646142
5.362494
6.152350
7.019774
7.968565
9.002310
10.124275
11.337401
12.644240
14.046906
15.547070
17.145922
18.844095
20.641670
22.538185
24.532505
26.622931
28.807106
31.082022
33.444042
35.888859
38.411541
41.006512
43.667595
46.387997
49.160389
51.976864
54.829063
57.708126
60.604786
63.509441
66.412132
69.302681
72.170677
75.005600
77.796852
80.533806
83.205925
85.802788
88.314171
90.730103
93.040955
95.237488
97.310921
99.252998
101.056015
102.712921
104.217339
105.563637
106.746895
107.763084
108.608940
109.282097
109.781075
110.105263
110.254997
110.231483
110.036858
109.674118
109.147186
108.460808
107.620537
106.632751
105.504562
104.243790
102.858910
101.359039
99.753792
98.053284
96.268059
94.409019
92.487358
90.514450
88.501884
86.461273
84.404289
82.342445
80.287231
78.249855
76.241341
74.272316
72.353050
70.493431
68.702751
66.989868
65.362999
63.829781
62.397209
61.071594
59.858566
58.763042
57.789238
56.940643
56.220020
55.629433
55.170261
54.843151
54.648151
54.584648
54.651386
54.846596
55.167946
55.612606
56.177292
56.858307
57.651615
58.552826
59.557289
60.660126
61.856308
63.140617
64.507812
65.952568
67.469559
69.053490
70.699165
72.401459
74.155396
75.956139
77.799088
79.679741
81.593918
83.537621
85.507057
87.498703
89.509285
91.535713
93.575142
95.624969
97.682770
99.746284
101.813469
103.882355
105.951164
108.018173
110.081779
112.140373
114.192413
116.236351
118.270630
120.293617
122.303635
124.298935
126.277649
128.237808
130.177307
132.093933
133.985306
135.848907
137.682098
139.482117
141.246078
142.970917
144.653595
146.290924
147.879669
149.416580
150.898468
152.322098
153.684341
154.982224
156.212845
157.373550
158.461868
159.475616
160.412918
161.272202
162.052353
162.752594
163.372620
163.912643
164.373306
164.755875
165.062073
165.294250
165.455276
165.548660
165.578430
165.549210
165.466202
165.335098
165.162155
164.954056
164.718018
164.461594
164.192734
163.919662
163.650879
163.395096
163.161102
162.957733
162.793869
162.678192
162.619278
162.625443
162.704620
162.864380
163.111771
163.453247
163.894638
164.441010
165.096710
165.865112
166.748795
167.749252
168.867035
170.101562
171.451202
172.913193
174.483582
176.157364
177.928284
179.788971
181.730972
183.744720
185.819565
187.943893
190.105133
192.289780
194.483597
196.671570
198.838104
200.966995
203.041656
205.045197
206.960480
208.770340
210.457581
212.005264
213.396698
214.615646
215.646423
216.473984
217.084198
217.463791
217.600555
217.483475
217.102814
216.450165
215.518631
214.302841
212.799042
211.005234
208.921036
206.547943
203.889221
200.949936
197.737030
194.259216
190.527054
186.552811
182.350494
177.935760
173.325851
168.539459
163.596725
158.519089
153.329117
148.050446
142.707626
137.325989
131.931458
126.550423
121.209618
115.935883
110.756027
105.696686
100.784134
96.044113
91.501686
87.181061
83.105453
79.296921
75.776222
72.562691
69.674118
67.126610
64.934517
63.110310
61.664516
60.605640
59.940140
59.672329
59.804394
60.336380
61.266159
62.589470
64.299980
66.389221
68.846771
71.660233
74.815369
78.296158
82.084961
86.162498
90.508179
95.100044
99.915009
104.928993
110.117043
115.453545
120.912315
126.466812
132.090286
137.755920
143.437042
149.107208
154.740433
160.311295
165.795059
171.167877
176.406876
181.490265
186.397491
191.109268
195.607788
199.876663
203.901062
207.667786
211.165268
214.383606
217.314636
219.951874
222.290512
224.327499
226.061371
227.492325
228.622086
229.453918
229.992508
230.243912
230.215469
229.915680
229.354156
228.541473
227.489105
226.209259
224.714813
223.019180
221.136200
219.080032
216.864975
214.505524
212.016022
209.410812
206.703918
203.909103
201.039734
198.108673
195.128235
192.110138
189.065399
186.004379
182.936584
179.870789
176.814957
173.776199
170.760818
167.774292
164.821259
161.905579
159.030304
156.197800
153.409714
150.667038
147.970154
145.318924
142.712692
140.150375
137.630554
135.151520
132.711288
130.307755
127.938736
125.601959
123.295219
121.016434
118.763634
116.535088
114.329292
112.145081
109.981590
107.838379
105.715355
103.612930
101.531898
99.473511
97.439476
95.432007
93.453690
91.507584
89.597130
87.726151
85.898819
84.119606
82.393250
80.724716
79.119110
77.581688
76.117714
74.732483
73.431221
72.219032
71.100830
70.081306
69.164833
68.355431
67.656715
67.071823
66.603386
66.253494
66.023621
65.914627
65.926689
66.059311
66.311302
66.680740
67.164993
67.760666
68.463684
69.269257
70.171898
71.165443
72.243126
73.397545
74.620750
75.904282
77.239197
78.616188
80.025536
81.457260
82.901161
84.346848
85.783867
87.201721
88.589943
89.938225
91.236382
92.474503
93.642998
94.732635
95.734619
96.640648
97.442963
98.134422
98.708473
99.159271
99.481682
99.671280
99.724442
99.638313
99.410805
99.040672
98.527412
97.871376
97.073624
96.136063
95.061241
93.852531
92.513901
91.050026
89.466133
87.768059
85.962151
84.055183
82.054390
79.967331
77.801857
75.566154
73.268463
70.917267
68.521049
66.088394
63.627731
61.147507
58.655987
